t0
0100
0100
0100
0100

0000
1111
0000
0000

0010
0010
0010
0010

0000
0000
1111
0000

t1
0000
0110
0110
0000

0000
0110
0110
0000

0000
0110
0110
0000

0000
0110
0110
0000

t2
1100
0100
0100
0000

0001
0111
0000
0000

0000
0010
0010
0011

0000
0000
1110
1000

t3
0110
0100
0100
0000

0000
0111
0001
0000

0000
0010
0010
0110

0000
1000
1110
0000

t4
0100
1110
0000
0000

0010
0011
0010
0000

0000
0000
0111
0010

0000
0100
1100
0100

t5
0100
1100
1000
0000

0110
0011
0000
0000

0000
0001
0011
0010

0000
0000
1100
0110

t6
1000
1100
0100
0000

0011
0110
0000
0000

0000
0010
0011
0001

0000
0000
0110
1100